0000000000000000000000000000
0111111110111111110000000000
01      1 1      10000000000
01      1 1      10000000000
01      1 1      10000000000
01      1 1      10000000000
01      1 1      10000000000
01      1 1      10000000000
01      1 1      10000000000
01      1 1      10000000000
01      1 1      10000000000
01      1 1      10000000000
0111111111111111110000000000
0000000000000000000000000000
0000000000000000000000000000
0000000000000000000000000000
0000000000000000000000000000
0000000000000000000000000000
0000000000000000000000000000
0000000000000000000000000000
0000000000000000000000000000
0000000000000000000000000000
0000000000000000000000000000
0000000000000000000000000000
0000000000000000000000000000
0000000000000000000000000000
0000000000000000000000000000
0000000000000000000000000000
0000000000000000000000000000
0000000000000000000000000000
0000000000000000000000000000
0000000000000000000000000000
0000000000000000000000000000
0000000000000000000000000000
0000000000000000000000000000
0000000000000000000000000000